2.13499
0.201416
1.00708
0.362539
2.13499
2.13499
3.42407
1.65157
1.00708
1.00708
1.81274
0.684786
0.523663
0.523663
0.684786
1.1682
0.845909
-0.609303
0.845909
-1.25384
1.32933
0.845909
2.45724
2.29611
0.201416
-0.931549
-1.25384
1.65157
1.65157
0.362539
1.49045
0.684786
0.362539
2.61841
0.201416
-1.57609
1.81274
2.61841
2.13499
4.55198
1.49045
0.362539
1.1682
1.00708
1.65157
1.65157
-2.54288
2.29611
-0.770426
1.32933
1.65157
-0.448179
2.61841
-1.57609
0.201416
2.94065
2.61841
2.61841
2.77953
2.29611
2.77953
0.684786
3.5852
-0.931549
-0.448179
-0.448179
0.362539
2.77953
-0.448179
-1.09272
0.362539
0.523663
2.13499
1.32933
1.81274
2.13499
-0.448179
2.61841
3.5852
2.61841
2.13499
1.49045
2.77953
0.523663
0.684786
0.684786
-1.09272
3.42407
1.81274
2.29611
2.45724
1.32933
2.29611
1.97387
0.362539
20.6703
42.7505
-20.4286
84.1717
1.97387
-117.456
-61.0442
-32.0352
97.2234
34.2054
49.8403
46.9399
-52.0207
-138.247
-26.0733
38.7172
119.626
14.8645
43.8784
-138.408
13.7365
48.5513
10.0305
-37.0304
-34.9356
24.0541
-10.7607
5.0354
-10.1161
48.3902
-4.4765
1.49045
-28.6514
25.8265
-17.5282
6.32443
-7.05462
1.32933
-4.79875
-36.0635
-16.2392
12.1252
10.3528
2.94065
-1.25384
4.39086
3.2629
3.5852
3.2629
2.45724
2.45724
-1.25384
0.523663
2.94065
1.97387
1.97387
-1.57609
-2.05951
0.523663
-2.54288
1.97387
0.523663
0.362539
2.45724
0.523663
-0.770426
2.13499
1.1682
1.32933
1.97387
0.201416
-0.931549
-1.09272
1.65157
1.81274
1.49045
2.94065
-0.931549
2.94065
0.845909
1.81274
4.22974
2.29611
3.90744
1.97387
-0.609303
1.49045
0.523663
0.362539
0.684786
1.65157
3.10178
2.29611
-1.09272
0.684786
1.32933
1.81274
0.845909
-0.287056
0.684786
0.523663
1.81274
3.5852
-0.770426
2.29611
1.65157
4.06857
1.97387
1.1682
0.362539
2.45724
2.61841
3.10178
2.29611
2.29611
0.362539
-0.609303
1.1682
2.13499
2.61841
1.65157
1.81274
1.00708
1.81274
1.65157
0.845909
4.55198
-0.609303
2.77953
0.523663
-0.770426
2.13499
0.684786
0.684786
1.00708
1.97387
3.42407
1.65157
2.61841
2.29611
2.45724
2.61841
2.61841
1.00708
-0.770426
-1.41497
0.684786
1.81274
3.5852
-0.287056
-11.8886
-18.1728
-66.2054
-40.8975
-23.6563
97.5457
71.1149
-2.38175
92.7117
-110.849
-78.6126
-82.1576
112.697
48.8735
102.863
48.0679
-164.355
-140.986
-76.5179
4.87423
164.995
35.4945
86.2664
50.646
-164.194
-81.6742
-125.84
164.995
82.7215
84.6551
115.759
-135.508
-94.8921
-158.877
77.0768
100.768
83.6883
110.28
-133.252
-81.8353
-134.702
125.109
13.5754
164.995
-59.2717
-76.1956
-131.479
34.85
56.4467
107.38
61.7641
-94.0864
-95.2144
-63.9496
72.0817
68.3757
126.237
18.4094
-23.3341
-68.139
-26.2344
29.8549
23.4096
9.70821
2.29611
-1.73721
-7.86028
-2.86517
-8.0214
3.5852
-0.609303
6.80785
1.1682
3.90744
-2.54288
-4.79875
1.32933
0.362539
1.81274
4.06857
1.32933
0.684786
1.65157
-2.05951
2.61841
-0.609303
1.32933
1.81274
1.00708
4.55198
-1.09272
1.32933
1.1682
0.845909
2.77953
0.523663
2.45724
1.97387
0.845909
1.97387
2.13499
-1.25384
2.45724
-0.931549
2.29611
1.81274
1.00708
1.1682
0.684786
1.65157
1.97387
0.523663
2.61841
1.1682
2.45724
1.81274
2.29611
1.1682
0.845909
2.45724
0.523663
-0.609303
1.65157
0.845909
1.32933
-1.25384
-3.99308
-1.25384
3.2629
3.2629
-1.57609
1.00708
0.523663
-3.67084
-0.287056
2.77953
1.65157
1.65157
-0.931549
1.65157
3.74632
-0.931549
2.29611
0.201416
1.49045
-9.79385
18.5705
-4.95987
19.5374
-12.372
-5.44329
1.32933
-45.5754
10.9973
23.5707
-11.2441
20.0207
47.5845
41.4615
-58.9494
-19.1396
59.8306
15.8313
-4.63762
-101.821
19.5374
70.7927
-1.89838
94.4842
-122.451
5.0354
-16.7226
128.977
17.2815
10.675
-125.195
-13.0165
64.025
20.8314
80.944
-138.891
-0.770426
15.1867
32.1107
124.787
-113.589
-15.7558
34.5277
-2.38175
82.8826
-84.7407
-29.4571
44.3619
30.8217
-11.8886
-54.1154
-22.3672
31.3051
97.7069
-67.1722
-34.7745
4.06857
15.509
111.247
-72.973
-48.7981
4.06857
20.1818
102.702
-47.6701
-45.5754
-55.2434
23.7318
19.8596
5.67989
-0.287056
-10.7607
-4.15421
-2.70405
6.48556
1.97387
1.49045
2.45724
1.1682
2.13499
5.19652
-1.41497
1.97387
3.2629
3.90744
3.10178
-0.609303
2.45724
0.845909
1.00708
5.35765
-0.770426
0.201416
1.97387
1.1682
2.45724
-1.73721
4.06857
-2.22063
0.684786
3.5852
3.10178
1.65157
1.97387
0.845909
3.74632
3.2629
1.00708
1.65157
1.49045
3.2629
1.65157
-1.73721
3.10178
2.61841
1.49045
2.45724
1.97387
3.42407
0.362539
2.77953
-0.931549
1.81274
5.19652
0.523663
2.77953
0.684786
1.97387
-3.02629
0.845909
2.13499
3.5852
1.32933
0.362539
2.29611
1.97387
4.55198
1.00708
3.42407
2.29611
0.201416
1.81274
1.32933
-1.89838
0.845909
0.684786
2.61841
1.00708
3.74632
-1.09272
12.6086
57.0913
25.3431
32.1107
42.7505
82.072
103.19
107.219
94.4842
79.655
47.7456
24.8598
14.22
-8.98819
-38.1583
-79.2572
-83.7739
-88.4468
-96.9868
-103.921
-134.541
-152.27
-160.972
-164.517
-164.355
-139.697
-107.465
-57.9826
5.19652
72.5651
104.802
134.294
126.076
114.47
84.8163
49.8403
51.1294
56.6079
73.0485
90.1336
79.816
81.5885
74.821
45.4898
19.5374
7.29122
-5.60441
-44.6086
-69.2669
-90.7026
-105.532
-122.29
-164.355
-164.194
-164.194
-164.355
-160.166
-126.968
-93.603
-47.3479
9.22484
42.7505
59.8306
70.3092
61.1196
58.7027
54.8354
61.2807
75.4655
81.4274
38.556
-6.5712
-19.7841
15.0256
21.3148
13.092
-39.6085
-15.5946
-22.8507
16.7981
13.2532
6.64673
-3.67084
-7.69916
-5.60441
2.29611
7.77464
1.97387
3.5852
4.06857
-2.22063
-0.770426
1.1682
2.13499
3.74632
4.06857
1.1682
-0.287056
2.45724
0.201416
-0.931549
5.19652
-3.18742
0.523663
4.06857
-0.770426
-1.09272
-1.73721
-1.09272
0.684786
-0.931549
4.87423
0.201416
-0.770426
-1.57609
-0.287056
-3.18742
-0.609303
0.362539
1.32933
1.49045
-0.287056
1.97387
-2.70405
0.523663
-0.609303
-1.09272
3.10178
2.94065
1.65157
1.49045
1.32933
1.1682
-1.09272
-0.448179
0.523663
1.97387
-0.770426
-0.287056
-2.05951
-0.931549
0.201416
0.523663
-0.609303
-0.287056
-0.770426
0.523663
1.49045
1.65157
1.81274
0.684786
1.65157
3.74632
1.49045
2.29611
1.49045
1.81274
-0.287056
0.362539
0.201416
2.94065
2.61841
2.94065
3.2629
3.10178
2.13499
0.684786
-9.63273
7.45239
5.84106
5.35765
-1.89838
-0.609303
-0.770426
-1.41497
1.49045
0.362539
1.49045
1.1682
0.523663
1.49045
2.45724
-0.448179
3.10178
0.523663
2.77953
2.61841
1.49045
1.1682
2.94065
2.13499
1.32933
3.74632
3.10178
1.65157
2.45724
0.845909
3.74632
1.32933
0.201416
2.61841
1.81274
2.45724
5.19652
-0.448179
2.61841
-1.09272
1.1682
1.97387
1.49045
2.94065
0.523663
-0.287056
0.523663
3.5852
0.684786
-0.770426
1.49045
2.61841
3.74632
-0.770426
5.19652
2.61841
3.10178
2.61841
0.684786
1.49045
4.06857
0.845909
0.845909
0.845909
-0.770426
0.684786
1.49045
0.523663
3.10178
2.94065
2.29611
1.65157
2.45724
0.845909
0.201416
1.49045
1.97387
2.61841
-0.448179
0.523663
-0.770426
1.32933
0.201416
-1.25384
0.845909
3.10178
1.97387
3.5852
1.97387
2.61841
1.1682
0.523663
3.2629
0.845909
-0.448179
1.32933
1.65157
3.10178
-1.57609
3.10178
-0.931549
1.97387
1.65157
-1.25384
7.1301
0.684786
-1.89838
1.81274
-1.41497
4.22974
2.45724
2.45724
-0.448179
-1.25384
2.29611
0.362539
0.523663
0.523663
-0.448179
-1.41497
0.845909
0.362539
1.1682
-0.931549
-1.57609
1.1682
2.77953
2.77953
1.1682
-0.448179
1.1682
-0.287056
0.201416
1.81274
2.94065
0.362539
0.523663
1.1682
3.74632
-0.609303
0.523663
1.49045
2.29611
1.32933
-0.609303
-0.609303
-2.38175
-2.22063
0.523663
0.201416
3.74632
1.65157
5.35765
3.2629
3.2629
2.94065
3.74632
-1.25384
-0.448179
5.67989
0.523663
3.10178
0.684786
-0.609303
1.32933
1.65157
0.684786
1.81274
-0.448179
1.32933
3.10178
-1.41497
2.13499
0.684786
1.00708
2.45724
0.523663
1.65157
2.13499
-0.609303
1.65157
1.49045
1.97387
1.65157
-1.41497
-0.609303
-2.70405
2.29611
-0.287056
-2.54288
3.42407
2.13499
-0.448179
2.61841
-1.09272
1.81274
0.201416
-1.09272
1.97387
2.94065
2.29611
1.00708
2.45724
0.845909
1.65157
1.49045
1.81274
2.13499
0.684786
2.13499
-0.609303
0.523663
-1.73721
2.29611
-2.05951
0.684786
0.845909
-0.448179
3.10178
1.97387
-1.09272
1.81274
0.845909
4.55198
2.13499
0.684786
0.362539
-1.09272
2.29611
-0.287056
1.97387
3.2629
4.22974
3.2629
1.65157
3.2629
0.684786
0.684786
2.13499
1.00708
0.684786
1.32933
-0.770426
3.2629
4.22974
-0.448179
1.65157
-1.89838
1.81274
1.65157
2.45724
1.32933
0.362539
0.362539
1.81274
1.97387
2.29611
-1.89838
1.97387
2.13499
-1.73721
1.81274
-0.448179
2.13499
2.94065
1.1682
3.42407
-0.770426
3.5852
-0.931549
-0.287056
2.13499
-5.44329
3.2629
7.29122
1.81274
4.71311
-3.34854
0.845909
2.13499
0.684786
3.10178