0.684786
1.49045
1.00708
1.97387
2.45724
0.845909
1.1682
1.65157
1.65157
1.1682
10.0305
-2.70405
-7.05462
2.13499
-1.89838
0.845909
-2.38175
0.523663
47.5845
58.3804
49.3569
21.9594
39.5228
51.1294
-36.7081
-62.8217
-50.0871
-32.8409
51.6127
50.4848
30.6605
69.3424
52.4184
-53.3098
-83.4517
-60.0774
-25.9122
7.61352
51.2905
80.4606
46.9399
87.0721
1.65157
-101.176
-103.11
-57.3381
12.6086
41.9449
57.5747
63.3805
88.8446
32.433
-64.7552
-94.5698
-80.0629
-52.6653
-14.6278
28.7269
58.8637
67.0866
73.5319
48.229
-30.1016
-72.0062
-72.973
-53.1487
-19.3007
19.5374
52.4184
56.2857
71.1149
56.4467
-13.9833
-69.2669
-76.5179
-57.6604
-20.7559
14.8645
45.9732
54.3521
66.1198
67.4088
36.139
-13.661
-53.1487
-73.7787
-76.5179
-70.0726
-54.4377
-34.6134
-13.4999
7.77464
33.0775
53.5464
67.8922
84.0106
90.4559
80.944
46.4565
-0.931549
-38.6417
-58.9494
-67.0111
-68.3002
-65.0775
-56.3713
-43.3195
-23.4952
-1.73721
21.6371
24.5375
-0.931549
-19.9452
-17.6894
2.29611
10.5139
9.38597
6.64673
4.22974
1.49045
-0.770426
1.32933
2.29611
1.97387
1.97387
1.32933
0.201416
0.684786
-0.287056
0.684786
0.845909
0.845909
1.81274
2.77953
1.32933
1.49045
1.1682
0.684786
1.32933
1.32933
1.65157
1.81274
1.49045
1.49045
1.97387
0.845909
1.32933
0.684786
1.1682
2.29611
1.32933
1.81274
1.32933
1.00708
1.97387
0.684786
1.97387
0.684786
1.00708
1.81274
1.65157
1.1682
1.49045
0.684786
0.684786
0.523663
1.81274
1.1682
-0.287056
0.845909
1.00708
1.81274
1.97387
1.32933
1.49045
1.49045
1.00708
0.684786
0.684786
2.29611
1.32933
1.49045
1.00708
1.1682
1.32933
1.32933
1.97387
1.00708
0.362539
0.362539
1.49045
1.49045
2.45724
2.13499
1.00708
1.65157
1.65157
0.845909
1.32933
1.32933
0.684786
1.32933
1.32933
1.81274
1.32933
0.523663
1.32933
1.32933
2.29611
1.1682
0.362539
0.845909
1.97387
1.81274
0.523663
1.32933
0.845909
1.65157
1.65157
1.49045
0.684786
0.845909
1.32933
1.65157
1.32933
1.32933
0.684786
1.65157
1.00708
1.1682
1.65157
0.523663
1.1682
1.32933
1.49045
1.49045
1.00708
1.49045
1.32933
2.13499
1.65157
0.362539
1.65157
2.61841
1.32933
1.49045
-0.448179
-2.38175
6.16331
3.2629
1.49045
-0.931549
-14.789
46.9399
36.7836
16.3147
-30.9073
-78.6126
-83.4517
-85.7075
-101.015
-49.7649
38.556
85.783
40.1673
27.2767
52.7408
70.4703
26.7933
-57.0158
-93.2808
-87.48
-91.6694
-61.2053
-12.5331
71.7594
89.4891
49.1959
57.897
53.3853
74.6598
92.8729
14.7034
-118.745
-145.019
-112.461
-30.7462
40.4896
67.8922
58.7027
45.812
39.3617
65.6364
81.4274
31.7884
-56.3713
-127.934
-115.361
-76.8402
-8.82706
45.6509
63.3805
46.7789
41.3003
65.3141
93.8396
28.2435
-60.2385
-138.408
-116.489
-73.6176
2.45724
48.5513
65.7975
51.9351
46.6177
70.3092
87.8777
18.0871
-95.2144
-125.679
-108.11
-71.6839
-13.661
48.5513
73.3707
64.6696
48.5513
68.859
89.0056
79.816
36.3002
-20.4286
-81.8353
-128.095
-131.802
-115.039
-85.2242
-45.4143
-4.95987
27.599
51.2905
66.6032
81.7496
70.6315
7.1301
-44.9309
-57.8215
-51.6984
-28.4903
17.2815
39.2006
4.71311
-20.5898
-18.0116
1.81274
6.16331
3.74632
1.97387
0.362539
-0.287056
-1.89838
-0.287056
0.684786
3.42407
3.2629
4.22974
1.00708
1.97387
1.81274
0.523663
1.00708
0.845909
1.49045
1.65157
1.32933
1.32933
1.81274
0.845909
1.97387
1.00708
0.845909
1.65157
0.362539
2.13499
1.32933
0.845909
1.00708
0.845909
0.845909
2.94065
2.13499
0.684786
0.684786
1.65157
0.845909
1.49045
1.65157
1.00708
1.65157
1.81274
0.523663
1.1682
0.845909
1.65157
0.845909
1.00708
1.32933
0.523663
1.1682
1.49045
1.00708
0.845909
0.523663
0.684786
1.32933
1.32933
1.32933
0.684786
1.00708
0.845909
1.49045
1.00708
1.97387
1.81274
0.523663
1.1682
1.49045
0.523663
-0.287056
1.1682
1.32933
1.97387
0.362539
1.97387
0.684786
1.1682
1.65157
0.845909
1.1682
1.00708
1.49045
2.29611
1.81274
1.00708
0.523663
0.845909
1.1682
1.32933
0.845909
0.684786
1.1682
1.1682
1.81274
1.97387
0.523663
1.00708
1.1682
1.65157
0.684786
1.65157
1.65157
0.684786
1.81274
1.49045
1.1682
1.49045
0.523663
1.81274
2.13499
1.49045
1.49045
0.845909
1.49045
1.65157
1.1682
1.1682
3.10178
1.00708
3.74632
4.22974
13.7365
49.8403
70.3092
69.8258
16.1535
-52.343
-48.3147
-47.509
-21.0782
36.3002
35.1723
40.6507
68.0533
-11.7275
-76.679
-64.1107
-60.883
24.8598
86.7498
28.7269
85.6219
73.8542
-80.7074
-128.579
-71.6839
19.8596
72.404
46.7789
101.896
51.6127
-117.778
-111.172
7.1301
67.4088
64.025
77.0768
-94.731
-71.5228
-0.448179
26.3099
102.38
-8.82706
-70.556
-37.0304
7.61352
56.9302
47.2622
-56.0491
-37.0304
-2.70405
52.9018
33.3998
-47.9924
-20.4286
-7.05462
61.2807
-9.31048
-48.4758
0.523663
-0.931549
55.9634
-36.0635
15.509
-5.12104
-17.2059
-11.5664
3.42407
25.9877
-12.5331
-0.770426
31.6273
-13.661
-9.14936
11.803
-22.3672
-10.4384
2.13499
11.803
-9.79385
-0.931549
34.6888
-7.37686
-13.4999
-2.38175
23.2484
-8.18253
-5.76553
15.1867
18.7317
-7.86028
-12.5331
-1.57609
13.2532
-0.931549
1.97387
2.13499
0.845909
0.362539
0.362539
2.94065
1.81274
2.13499
0.362539
1.1682
1.00708
1.00708
1.49045
0.845909
1.65157
0.523663
-4.15421
0.684786
-0.770426
1.97387
2.77953
-0.770426
1.1682
1.1682
1.65157
0.684786
0.845909
2.45724
1.1682
0.523663
2.45724
-0.770426
2.45724
3.2629
1.32933
1.65157
1.65157
1.97387
2.29611
1.32933
2.61841
-0.448179
1.49045
2.13499
0.523663
1.65157
0.523663
1.97387
1.81274
1.32933
0.684786
1.49045
1.32933
-0.448179
2.61841
1.32933
0.362539
1.49045
-1.09272
2.29611
1.00708
0.684786
1.32933
1.1682
1.32933
1.32933
-0.287056
1.65157
2.61841
0.845909
2.45724
0.362539
1.49045
1.00708
1.00708
1.32933
1.1682
1.00708
0.684786
1.49045
1.81274
-0.287056
0.523663
1.97387
0.523663
2.29611
0.362539
0.523663
1.49045
1.65157
2.45724
1.1682
0.684786
1.81274
0.523663
2.45724
0.362539
1.49045
0.362539
1.65157
0.684786
0.684786
1.32933
1.32933
1.65157
1.65157
1.1682
1.1682
0.523663
1.49045
1.49045
1.1682
1.65157
1.1682
1.97387
2.13499
1.00708
0.362539
1.65157
0.684786
0.684786
1.00708
0.523663
0.845909
1.00708
1.81274
0.362539
0.684786
1.49045
0.684786
1.1682
1.49045
2.13499
0.523663
1.65157
2.13499
1.32933
1.49045
1.65157
1.00708
1.97387
1.49045
1.1682
0.845909
0.845909
0.845909
1.32933
1.00708
1.32933
1.32933
0.523663
1.97387
1.65157
1.49045
0.684786
1.00708
1.81274
2.29611
1.1682
1.32933
2.45724
1.97387
1.32933
1.49045
1.32933
1.1682
2.13499
1.81274
0.845909
1.00708
1.65157
-0.609303
1.49045
2.13499
0.362539
1.49045
1.65157
2.13499
1.49045
1.49045
1.81274
1.65157
1.65157
1.65157
1.32933
1.65157
0.684786
1.32933
2.45724
1.49045
1.32933
1.32933
1.49045
2.61841
1.1682
1.65157
2.13499
-3.02629
-6.24895
-3.02629
1.1682
-3.02629
-17.6894
-75.2289
-60.883
-82.3187
8.90255
75.3043
31.9496
52.2573
49.3569
-97.6313
-78.1292
-80.0629
37.1058
98.5125
25.6654
93.6786
26.3099
-121.001
-159.683
-89.2525
20.343
66.2809
81.7496
53.3853
92.8729
-17.6894
-122.451
-110.044
-12.6943
68.3757
44.8452
80.944
49.0347
-82.1576
-111.172
-36.2247
46.1343
62.8971
102.057
-40.7364
-77.4847
-74.2621
15.6702
44.3619
96.7401
-46.5422
-55.5656
-16.078
7.61352
84.3328
-29.6182
-45.7365
-13.0165
20.343
85.783
-39.1251
-36.2247
-3.02629
20.9926
65.153
-39.6085
-13.4999
-11.0829
59.0249
-24.7842
-19.7841
-6.89349
38.8783
-10.7607
-34.1299
1.81274
17.7649
34.5277
-36.5469
-3.83196
-5.60441
54.0297
-17.3671
-0.770426
11.3195
1.00708
-26.5567
-10.7607
19.3762
27.2767
-4.63762
-9.14936
5.35765
-2.54288
0.845909
2.45724
0.845909
-1.09272
1.00708
1.49045
2.61841
0.362539
0.362539
1.97387
2.13499
1.81274
1.32933
2.45724
1.32933
1.97387
0.201416
2.45724
1.49045
1.32933
0.845909
1.32933
2.77953
1.49045
0.523663
1.97387
1.97387
1.32933
1.32933
1.65157
2.13499
1.00708
1.81274
0.362539
1.32933
0.362539
1.49045
0.845909
1.32933
1.81274
0.523663
1.49045
2.13499
1.00708
2.77953
0.362539
1.97387
2.13499
1.65157
0.684786
1.00708
0.845909
2.77953
1.00708
0.523663
1.97387
1.1682
0.523663
0.523663
0.845909
1.32933
1.32933
1.81274
1.81274
0.845909
0.362539
1.81274
1.81274
1.32933
1.81274
1.00708
0.845909
1.81274
2.13499
1.49045
1.49045
1.00708
1.00708
1.81274
2.13499
1.32933
1.1682
1.00708
1.1682
1.65157
1.32933
1.1682
2.13499
0.684786
0.845909
0.845909
1.00708
0.845909
1.49045
1.1682
1.32933
0.362539
1.00708
0.362539
3.2629
1.81274
0.684786
1.1682
0.684786
-2.05951
-2.22063
-2.38175
1.1682
2.61841
2.61841
2.29611
0.523663
0.362539
0.684786
0.201416
2.45724
1.65157
1.65157
1.32933
1.1682
1.97387
1.49045
1.49045