13.7365
26.6322
52.5796
78.0436
76.7545
42.106
-23.3341
-1.89838
62.5749
83.6883
-97.9536
-91.8306
-84.7407
8.41918
24.5375
92.7117
148.64
28.2435
-25.5899
66.6032
-164.194
-92.314
-45.2531
-6.5712
132.038
34.0443
129.782
-32.3575
-7.37686
-108.755
-84.7407
-31.0684
131.555
37.9115
114.792
-21.4005
51.1294
-138.086
-98.9204
-19.4618
47.2622
115.92
64.5084
35.9779
49.3569
-82.3187
-128.74
-45.2531
-48.3147
56.9302
29.8549
29.5326
-21.8839
-9.79385
-23.1729
3.5852
1.32933
13.8977
6.48556
4.06857
2.61841
-4.79875
-2.05951
1.32933
0.523663
15.8313
3.2629
7.77464
-4.15421
-11.5664
8.25806
6.80785
-1.25384
-0.931549
4.71311
4.22974
1.32933
1.49045
1.1682
-0.770426
1.49045
1.32933
3.10178
4.87423
0.845909
0.684786
0.362539
1.97387
0.201416
2.94065
1.65157
-6.73237
-1.09272
2.29611
5.35765
3.42407
2.45724
-4.15421
-3.50971
-9.95502
1.49045
-5.60441
-7.69916
27.9212
28.0824
-22.6895
17.926
-16.2392
4.39086
6.80785
4.22974
4.06857
-7.69916
14.22
-0.448179
-4.95987
-0.287056
6.16331
-1.41497
-6.24895
4.39086
5.0354
2.45724
1.49045
1.1682
-0.931549
-0.287056
0.523663
1.1682
1.49045
1.49045
0.201416
0.201416
1.49045
1.1682
2.13499
1.81274
1.00708
1.32933
1.81274
1.1682
0.684786
1.32933
1.81274
1.49045
1.97387
0.845909
1.1682
0.684786
1.81274
0.845909
0.684786
1.65157
1.1682
1.81274
1.49045
1.81274
1.32933
1.49045
2.45724
1.97387
0.523663
1.81274
0.684786
0.845909
1.32933
0.845909
1.49045
0.523663
1.1682
2.29611
0.845909
1.32933
1.00708
2.45724
1.32933
1.81274
1.65157
0.201416
0.684786
1.49045
0.362539
0.684786
0.523663
1.65157
1.81274
1.1682
1.1682
1.32933
1.32933
1.49045
2.29611
1.00708
1.97387
1.1682
2.13499
1.32933
1.65157
1.49045
0.684786
0.201416
1.32933
0.523663
2.29611
-0.609303
0.523663
0.684786
1.32933
2.45724
1.1682
1.1682
1.65157
0.201416
1.00708
1.32933
0.201416
1.97387
2.13499
1.1682
0.523663
1.81274
0.362539
2.29611
1.00708
1.32933
1.1682
0.523663
1.32933
1.1682
0.684786
1.32933
0.684786
1.32933
1.65157
1.97387
1.65157
-0.448179
1.32933
0.845909
2.13499
2.29611
0.362539
4.22974
3.42407
0.684786
3.90744
-1.41497
1.65157
1.1682
0.523663
0.523663
4.87423
0.362539
0.845909
-3.02629
0.362539
-0.770426
1.1682
-0.287056
5.19652
5.19652
4.71311
1.81274
31.6273
5.67989
-0.609303
-29.296
-9.63273
27.9212
58.3804
-39.7696
-13.4999
9.38597
6.80785
43.7173
-66.8499
1.97387
-17.6894
73.8542
10.675
2.77953
-20.4286
19.0539
70.7927
77.238
-43.4807
-70.8783
22.765
46.6177
-19.9452
65.3141
47.7456
-61.8498
-7.37686
-38.6417
76.7545
-13.4999
28.5658
-18.495
-16.7226
-13.0165
19.5374
-14.4667
18.2483
-20.4286
0.523663
13.7365
22.765
16.1535
13.2532
-7.69916
3.2629
-54.9211
1.1682
21.1537
3.5852
21.3148
3.90744
6.48556
3.10178
7.93576
-5.28216
-5.12104
-1.09272
-1.89838
-6.24895
-1.57609
-1.09272
1.1682
2.94065
1.81274
2.61841
-2.05951
2.61841
-2.05951
-4.63762
-7.21574
4.22974
4.71311
3.74632
-0.931549
0.201416
1.65157
1.32933
2.13499
3.10178
1.00708
2.29611
-0.770426
1.1682
1.49045
1.00708
1.81274
0.523663
1.1682
2.29611
1.97387
1.00708
1.1682
1.97387
1.65157
1.97387
2.61841
1.49045
-0.770426
0.684786
0.845909
1.32933
0.684786
2.13499
1.49045
0.362539
2.29611
1.49045
1.00708
1.49045
1.00708
1.00708
0.845909
0.845909
-0.770426
-3.34854
1.81274
1.65157
3.42407
4.71311
0.362539
2.77953
1.32933
2.13499
1.49045
1.32933
1.49045
2.13499
0.845909
-2.05951
4.22974
2.13499
2.61841
-0.287056
0.845909
2.45724
2.29611
1.32933
0.684786
1.49045
-0.448179
0.845909
1.00708
0.523663
0.523663
1.00708
2.13499
2.61841
2.13499
2.61841
1.81274
0.523663
1.1682
-0.931549
1.81274
0.362539
-1.25384
0.684786
1.49045
2.13499
-0.287056
0.684786
2.13499
3.10178
1.97387
0.684786
1.1682
1.49045
2.45724
1.49045
1.65157
-0.287056
-0.287056
1.1682
0.362539
1.32933
1.00708
1.97387
1.65157
2.77953
1.97387
1.00708
1.65157
1.65157
1.81274
1.00708
-0.609303
0.523663
2.13499
-0.287056
0.684786
0.523663
1.81274
0.684786
2.45724
1.97387
2.29611
1.65157
0.684786
2.13499
2.61841
2.13499
1.81274
0.362539
-0.287056
0.523663
-1.89838
2.13499
0.523663
1.49045
3.74632
2.61841
3.10178
21.476
24.3763
-15.4335
-7.37686
39.0394
-18.1728
52.4184
-77.6459
4.06857
-33.6465
69.0202
-3.02629
-48.4758
-15.7558
35.9779
35.3333
89.1668
-3.83196
-8.50482
33.0775
-111.816
-12.372
57.897
-53.7932
-41.0587
-18.9784
24.6986
72.2428
19.3762
-22.2061
-23.4952
24.8598
139.611
-16.7226
-14.9501
-24.6231
-40.5753
-57.177
-12.6943
38.8783
63.7028
63.2193
-54.76
-26.0733
5.19652
40.1673
-22.3672
-27.3624
-12.2108
-7.69916
-20.2675
-36.8692
-11.2441
15.9924
32.433
-29.6182
-23.8174
-4.95987
26.9545
21.1537
-9.47161
-14.9501
-8.82706
11.3195
12.9309
3.10178
-14.789
-3.83196
-1.73721
-3.50971
4.87423
3.5852
1.32933
1.97387
-1.25384
-0.448179
0.845909
1.00708
1.97387
3.5852
1.65157
2.77953
-0.448179
-1.25384
0.845909
1.1682
2.61841
-0.931549
3.2629
-0.609303
-0.287056
2.61841
0.845909
1.97387
0.362539
2.45724
2.77953
1.65157
0.845909
1.32933
-0.931549
1.65157
-1.25384
2.13499
0.362539
0.362539
2.29611
1.1682
1.49045
0.362539
-2.38175
1.1682
2.13499
2.13499
1.65157
0.684786
-0.287056
2.13499
2.13499
0.684786
-0.609303
1.32933
2.29611
2.45724
1.81274
1.32933
1.97387
2.13499
1.49045
0.523663
-1.09272
1.81274
2.61841
1.65157
1.65157
1.49045
0.523663
1.49045
1.32933
0.523663
2.29611
0.362539
-0.931549
0.684786
1.49045
1.97387
0.684786
0.362539
-1.25384
1.00708
1.65157
2.61841
1.81274
1.65157
1.32933
1.1682
1.65157
1.32933
-0.287056
2.61841
1.32933
1.81274
0.362539
1.49045
2.45724
0.523663
2.13499
1.81274
-0.770426
2.29611
0.845909
2.45724
1.32933
3.42407
2.45724
1.97387
0.362539
1.81274
2.45724
1.00708
3.5852
3.10178
1.1682
1.97387
2.45724
2.13499
2.45724
-0.287056
1.00708
1.49045
1.65157
1.1682
2.13499
-0.609303
1.1682
2.29611
0.845909
-0.448179
0.523663
1.1682
1.65157
-2.70405
-1.57609
1.32933
-1.73721
2.77953
1.81274
-0.931549
1.81274
0.684786
2.61841
3.42407
1.00708
1.65157
1.1682
-0.609303
2.94065
2.94065
-0.287056
3.10178
0.523663
0.845909
2.61841
1.81274
1.81274
0.201416
0.523663
3.10178
0.201416
0.684786
0.845909
0.523663
3.10178
0.845909
1.32933
0.362539
-0.609303
2.29611
1.00708
3.42407
4.22974
8.5803
5.84106
22.6039
-7.53803
23.893
7.93576
27.7601
-17.6894
-14.4667
35.0111
-12.372
23.0873
-42.3528
16.4758
0.523663
2.94065
19.6985
-7.53803
30.3382
-50.5705
7.29122
-47.3479
4.71311
76.2711
38.8783
79.655
-55.7268
2.45724
12.1252
24.2152
103.996
-38.1583
-8.50482
29.3715
64.025
90.9392
-33.3243
-23.0118
-23.9786
23.2484
32.433
-37.1915
-29.7794
0.845909
12.2864
10.675
-33.002
-14.789
5.51877
24.8598
24.5375
-16.078
5.51877
8.74142
-16.4003
10.675
-50.0871
5.51877
16.9592
11.1584
17.4426
-21.5616
-12.8554
-13.1777
26.6322
32.2719
-0.448179
-21.2393
-26.2344
-8.3437
13.5754
13.8977
5.0354
-2.22063
-2.05951
-4.63762
-0.448179
2.13499
4.06857
3.74632
0.201416
0.362539
-1.09272
0.362539
1.32933
0.845909
0.201416
0.362539
0.523663
-0.287056
0.845909
1.65157
0.845909
0.523663
0.523663
1.81274
1.97387
1.32933
1.00708
1.1682
0.362539
1.1682
1.65157
1.65157
0.523663
0.523663
1.00708
2.61841
1.1682
0.523663
1.65157
1.97387
0.845909
1.49045
0.845909
0.684786
1.65157
1.49045
1.32933
1.65157
1.65157
1.00708
1.81274
1.32933
0.523663
1.00708
1.97387
1.32933
1.65157
1.49045
-0.287056
1.1682
0.362539
1.81274
1.65157
0.523663
1.1682
1.32933
2.13499
0.362539
0.845909
1.65157
1.65157
1.81274
1.00708
0.845909
1.1682
1.32933
1.00708
1.1682
-0.287056
1.1682
1.00708
1.81274
1.1682
1.1682
0.684786
1.1682
1.97387
0.523663
1.32933
0.684786
1.32933
2.29611
1.32933
1.32933
1.00708
0.845909
2.45724
1.81274
1.32933
0.845909
-0.448179
1.65157
1.65157
0.845909
2.13499
0.684786
0.684786
1.65157
1.49045
1.49045
0.362539
1.65157
1.32933
1.65157
2.13499
1.1682
0.845909
1.1682
1.65157
1.81274
1.1682
1.1682
0.362539
1.81274
1.00708
0.684786
1.00708
1.32933
1.65157
1.49045
0.362539
1.00708
2.29611
1.1682
1.81274
1.00708
1.32933
0.201416
1.97387
1.32933
1.49045
0.684786
1.49045
1.00708
1.97387
1.49045
1.1682
1.1682
1.81274
1.32933
1.49045
1.00708
0.845909
1.81274
1.97387
1.81274
2.45724
1.81274
1.65157
1.49045
1.32933
1.65157
-0.448179
1.00708
0.684786
1.49045
2.29611
1.49045
1.00708
1.97387
0.684786
1.49045
1.81274
0.684786
1.49045
1.32933
1.32933
2.29611
1.00708
1.32933
1.32933
1.49045
3.5852
6.00219
2.94065
-2.38175
2.61841
1.1682
-0.609303
1.65157
1.32933
1.97387
1.97387
1.65157
1.00708
1.1682
2.61841