182.887359
183.934722
181.437164
179.261871
177.247711
176.522613
175.958648
176.442047
175.152984
173.299957
174.508453
173.219390
173.541656
173.380523
173.299957
173.461090
173.138824
173.138824
177.006012
179.342437
179.584137
175.555816
174.750152
172.333160
171.205230
171.366363
171.930328
178.053375
176.683746
174.025054
172.897125
171.285797
170.480133
169.593902
171.205230
168.868804
168.546539
169.674469
168.063140
168.949371
168.304840
169.191070
167.499176
167.418609
167.257476
168.949371
167.902008
168.627105
168.627105
169.191070
170.802398
168.707672
168.707672
168.063140
167.579742
168.465972
166.854644
167.418609
166.532379
166.451812
165.887847
166.774078
166.854644
167.579742
167.499176
168.465972
169.352203
168.627105
169.835601
168.546539
167.902008
167.579742
167.176910
166.854644
167.015777
166.693512
164.921051
165.646148
164.437652
165.323883
165.968414
165.726715
166.210113
165.323883
165.565582
165.565582
170.480133
168.707672
168.385406
167.418609
165.968414
166.129547
165.485015
165.968414
165.323883
165.968414
165.082183
165.646148
165.807281
168.063140
166.290679
166.774078
166.854644
166.371246
168.063140
165.726715
168.546539
168.063140
167.176910
165.162750
165.646148
163.062988
163.470855
162.982421
163.062988
164.921051
164.437652
161.935058
162.257324
162.579589
163.470855
163.470855
163.470855
165.001617
162.901855
163.390289
163.551422
163.143554
164.437652
163.551422
162.901855
164.759918
164.195953
161.451660
162.982421
162.821289
162.499023
162.096191
163.470855
162.096191
161.935058
163.062988
169.432769
169.432769
169.513336
165.887847
165.162750
164.034820
163.873687
164.034820
164.034820
167.660308
166.935211
167.579742
171.769195
170.157867
167.257476
165.646148
164.840484
163.631988
162.821289
163.062988
161.854492
162.096191
161.290527
161.451660
161.532226
161.451660
163.390289
161.129394
160.323730
160.887695
161.935058
161.532226
163.631988
162.982421
162.901855
162.901855
162.499023
166.371246
170.721832
167.176910
165.404449
163.954254
162.740722
163.143554
161.854492
163.712554
169.191070
168.224273
165.404449
163.631988
161.854492
162.257324
160.162597
159.518066
159.356933
158.390136
159.518066
158.067871
158.309570
158.390136
159.920898
159.840332
159.195800
159.920898
160.001464
161.129394
160.807128
161.048828
160.887695
161.048828
162.257324
162.579589
168.868804
168.868804
166.210113
164.679351
165.485015
162.821289
162.579589
161.612793
167.096344
167.982574
165.565582
164.276519
164.518219
162.257324
161.773925
161.532226
161.612793
163.062988
161.773925
162.901855
161.935058
162.418457
163.631988
163.470855
162.579589
163.631988
162.901855
163.551422
164.357086
165.485015
168.546539
169.271637
165.887847
165.162750
164.276519
169.029937
168.143707
167.338043
165.404449
164.759918
164.115387
162.901855
164.115387
164.276519
164.518219
163.873687
162.901855
164.276519
161.935058
161.290527
160.807128
160.565429
161.693359
161.290527
158.954101
160.001464
159.518066
159.518066
159.598632
159.840332
160.001464
160.001464
162.901855
168.707672
165.404449
164.840484
162.015625
161.612793
161.048828
160.887695
161.451660
164.357086
164.437652
163.390289
168.304840
168.949371
165.485015
163.470855
162.337890
161.532226
161.854492
160.323730
161.048828
160.162597
160.404296
161.209960
160.807128
162.257324
161.854492
161.935058
161.693359
162.499023
163.224121
165.404449
162.901855
162.982421
163.712554
162.821289
164.437652
162.740722
166.451812
167.982574
166.854644
164.840484
163.390289
164.034820
161.612793
161.773925
160.968261
161.451660
162.337890
168.546539
168.063140
166.774078
164.115387
163.062988
163.143554
161.935058
161.935058
161.693359
167.096344
167.338043
164.357086
162.176757
162.418457
160.243164
160.484863
159.920898
163.390289
162.740722
163.551422
160.645996
159.840332
159.759765
159.518066
161.048828
160.162597
160.645996
159.034668
159.276367
159.840332
161.935058
161.451660
161.854492
162.418457
162.901855
163.390289
163.143554
167.257476
171.930328
168.224273
166.371246
164.518219
164.276519
164.115387
162.579589
163.712554
161.532226
162.015625
162.257324
161.773925
162.418457
161.532226
161.612793
160.243164
161.693359
161.290527
161.532226
160.162597
159.840332
159.920898
162.579589
160.968261
161.532226
160.887695
160.887695
161.532226
161.532226
161.129394
159.679199
159.598632
160.404296
162.096191
160.565429
161.290527
160.001464
159.598632
160.162597
160.404296
167.660308
169.352203
168.546539
164.115387
160.887695
160.887695
160.323730
160.645996
160.404296
160.565429
161.854492
160.001464
160.001464
159.034668
166.129547
166.451812
165.485015
162.901855
161.854492
160.484863
159.920898
159.759765
159.840332
161.048828
159.598632
159.920898
159.679199
159.598632
161.935058
161.129394
160.001464
160.887695
161.209960
161.371093
162.740722
161.129394
161.773925
160.887695
160.807128
161.129394
165.968414
163.712554
163.470855
161.854492
161.129394
162.257324
160.645996
160.968261
160.404296
160.726562
159.034668
159.920898
159.920898
161.451660
160.807128
160.645996
161.209960
160.404296
162.499023
160.645996
165.646148
167.902008
165.968414
164.276519
163.143554
162.740722
163.143554
162.257324
162.579589
163.712554
162.337890
163.390289
161.451660
161.532226
161.048828
160.807128
159.356933
161.129394
159.920898
161.612793
161.773925
161.612793
163.390289
161.451660
161.129394
160.887695
164.437652
164.195953
164.437652
162.337890
162.176757
162.257324
162.257324
164.357086
162.740722
162.660156
161.048828
160.887695
161.290527
163.470855
161.612793
162.337890
162.337890
162.096191
163.390289
161.612793
165.807281
169.271637
166.371246
165.001617
161.935058
163.551422
161.773925
162.337890
162.418457
162.418457
164.357086
163.631988
162.418457
162.418457
163.143554
163.470855
165.404449
162.660156
163.873687
162.901855
162.096191
162.176757
168.465972
168.224273
167.338043
164.357086
166.774078
171.205230
168.224273
166.935211
163.470855
162.257324
161.532226
160.565429
161.612793
160.001464
161.209960
160.565429
162.499023
160.887695
161.773925
162.015625
161.612793
161.532226
163.793121
162.257324
162.257324
162.418457
161.612793
162.015625
161.290527
162.418457
161.532226
161.854492
162.176757
161.935058
164.195953
161.854492
161.693359
160.404296
160.484863
161.532226
164.034820
162.821289
163.631988
163.390289
163.390289
163.873687
163.390289
164.115387
162.821289
163.062988
163.390289
163.551422
165.565582
163.551422
163.470855
163.390289
163.062988
163.470855
163.631988
162.660156
163.470855
162.176757
161.935058
161.612793
162.096191
167.740875
166.935211
164.437652
164.195953
161.290527
160.887695
160.484863
160.484863
162.579589
165.404449
162.901855
161.532226
160.645996
160.404296
161.693359
160.484863
160.887695
160.243164
160.001464
159.679199
162.418457
160.968261
161.209960
160.645996
161.129394
161.773925
160.645996
161.209960
160.565429
163.470855
162.257324
163.143554
160.968261
160.484863
159.920898
160.162597
160.565429
160.404296
160.484863
160.001464
160.323730
160.968261
163.062988
162.499023
164.195953
163.390289
163.224121
163.793121
164.115387
170.560699
170.882965
166.774078
165.565582
164.437652
164.276519
165.323883
163.470855
162.982421
162.821289
162.499023
164.518219
162.579589
162.579589
162.176757
161.693359
160.807128
163.712554
162.499023
163.631988
162.901855
163.712554
163.793121
163.793121
165.001617
164.034820
170.319000
169.352203
166.371246
165.162750
165.001617
163.631988
164.276519
162.982421
166.129547
165.485015
165.565582
163.390289
162.499023
162.176757
161.773925
163.551422
161.935058
162.418457
160.807128
159.759765
160.323730
161.451660
161.612793
163.631988
161.854492
162.982421
162.337890
162.418457
164.759918
166.935211
165.082183
169.593902
172.816558
169.513336
166.774078
163.793121
162.982421
163.470855
162.901855
164.115387
162.015625
162.257324
162.418457
161.935058
163.390289
162.096191
165.162750
164.357086
162.982421
162.337890
163.712554
161.693359
162.418457
162.337890
162.579589
163.712554
163.390289
162.337890
162.821289
162.821289
162.499023
163.712554
162.096191
161.854492
161.209960
162.740722
168.143707
167.096344
164.679351
164.195953
161.048828
161.209960
160.645996
160.323730
160.645996
160.323730
161.048828
160.404296
161.532226
161.612793
161.290527
162.257324
162.257324
161.773925
162.821289
163.551422
163.470855
165.646148
163.873687
164.115387
164.276519
165.001617
171.366363
170.319000
167.902008
167.579742
165.404449
164.598785
164.276519
163.470855
166.129547
167.338043
166.451812
168.949371
168.385406
168.304840
165.887847
165.807281
165.404449
164.357086
165.968414
164.357086
165.001617
163.551422
162.499023
163.551422
164.759918
164.276519
165.323883
163.712554
164.115387
163.470855
163.551422
164.357086
163.551422
164.195953
162.901855
163.390289
163.390289
162.579589
163.390289
162.499023
161.854492
163.062988
163.551422
163.390289
165.485015
163.551422
163.143554
163.390289
164.518219
170.882965
169.916168
167.015777
166.290679
172.897125
171.930328
170.882965
166.854644
165.646148
164.034820
164.034820
165.001617
164.437652
165.807281
164.759918
165.968414
166.210113
165.807281
167.660308
165.726715
166.774078
164.598785
164.357086
164.437652
165.646148
164.679351
164.518219
164.276519
164.115387
164.034820
163.793121
166.693512
166.371246
165.404449
164.921051
164.357086
165.323883
164.276519
164.034820
164.357086
163.470855
163.954254
164.276519
163.873687
166.129547
164.195953
164.840484
164.195953
165.887847
171.849762
174.991851
172.010894
169.271637
165.807281
166.371246
164.276519
164.759918
164.437652
163.793121
165.807281
163.631988
163.062988
163.793121
169.271637
169.593902
169.593902
166.210113
165.565582
163.793121
167.015777
166.612945
166.935211
164.276519
164.034820
162.176757
162.418457
162.901855
161.935058
163.062988
161.048828
160.726562
161.693359
159.759765
159.759765
161.612793
160.645996
160.807128
160.807128
160.807128
162.176757
160.323730
161.935058
160.243164
160.807128
161.048828
161.048828
163.390289
162.015625
162.499023
161.693359
161.773925
161.854492
164.437652
162.901855
162.982421
162.418457
162.257324
162.579589
161.693359
162.337890
160.807128
161.048828
161.532226
161.209960
163.390289
161.290527
161.129394
159.920898
160.404296
161.532226
162.337890
161.612793
162.901855
162.418457
162.418457
162.821289
163.390289
165.001617
163.390289
163.712554
163.390289
163.551422
165.565582
164.679351
163.793121
164.276519
164.195953
164.518219
164.357086
164.034820
165.646148
164.195953
168.385406
173.944488
172.091461
167.740875
165.807281
164.598785
164.034820
164.195953
163.062988
164.195953
163.712554
166.935211
165.807281
166.210113
163.793121
163.873687
162.579589
163.470855
163.390289
162.821289
164.034820
162.982421
161.532226
162.176757
162.982421
161.935058
163.470855
162.257324
162.337890
162.257324
162.418457
162.579589
162.418457
164.034820
162.096191
162.257324
162.740722
162.337890
161.209960
163.793121
161.935058
162.982421
162.337890
163.390289
168.546539
176.119781
173.058258
169.674469
166.451812
164.840484
164.276519
165.485015
163.470855
164.195953
163.390289
162.418457
162.982421
162.096191
163.390289
162.096191
167.821441
166.854644
164.759918
163.873687
165.082183
162.740722
162.499023
162.337890
168.546539
169.835601
168.224273
164.921051
165.162750
164.195953
162.982421
164.679351
161.854492
161.129394
160.645996
160.645996
161.693359
162.176757
160.404296
161.854492
161.451660
161.532226
162.176757
161.612793
163.224121
161.612793
162.096191
164.034820
169.029937
167.902008
167.902008
164.357086
163.873687
162.257324
161.773925
161.532226
164.759918
163.390289
160.968261
160.565429
160.404296
159.598632
160.323730
158.954101
158.229003
159.034668
160.243164
160.887695
162.982421
160.968261
161.290527
160.887695
161.532226
163.793121
167.257476
164.518219
167.257476
167.015777
166.290679
170.077301
167.096344
165.968414
172.897125
170.641265
167.982574
166.693512
163.712554
163.470855
162.337890
161.854492
164.115387
168.385406
162.901855
162.337890
163.873687
162.418457
168.143707
167.982574
164.679351
163.062988
163.631988
161.612793
161.612793
160.404296
164.679351
163.793121
164.034820
161.451660
161.129394
160.968261
160.243164
161.693359
160.001464
160.162597
158.873535
158.470703
159.115234
161.129394
159.598632
160.001464
159.598632
159.920898
161.532226
159.840332
160.162597
159.920898
159.840332
161.290527
160.082031
161.451660
160.001464
160.887695
161.048828
161.209960
161.451660
163.793121
162.337890
162.821289
163.551422
163.551422
165.162750
163.143554
163.873687
162.982421
162.499023
162.901855
162.821289
163.470855
162.579589
161.612793
161.693359
162.096191
161.935058
163.390289
162.579589
162.579589
162.740722
162.418457
164.195953
162.337890
162.499023
162.337890
162.337890
164.195953
162.337890
162.579589
161.290527
161.693359
162.176757
163.390289
162.821289
163.873687
162.740722
162.821289
163.551422
162.901855
164.115387
162.740722
162.901855
162.901855
162.821289
164.840484
162.982421
162.499023
161.451660
162.418457
162.821289
165.001617
163.224121
163.631988
163.390289
163.062988
163.470855
162.660156
163.470855
162.257324
162.982421
163.143554
162.821289
164.276519
162.499023
161.532226
161.612793
162.740722
162.982421
163.712554
162.821289
163.470855
163.143554
162.499023
164.437652
162.982421
163.390289
162.740722
162.499023
162.418457
162.257324
163.793121
161.935058
160.887695
161.451660
163.551422
162.337890
163.631988
163.390289
163.793121
164.518219
164.518219
166.612945
165.162750
165.807281
166.048980
165.726715
167.257476
165.726715
165.807281
165.162750
165.565582
165.162750
166.854644
165.082183
165.646148
165.807281
169.835601
169.513336
170.157867
167.338043
167.902008
168.546539
171.930328
168.707672
170.157867
169.996734
169.674469
171.608062
169.191070
167.660308
166.612945
165.485015
166.451812
164.518219
164.357086
164.518219
164.437652
162.901855
164.518219
163.470855
164.357086
164.357086
164.518219
165.968414
165.323883
166.854644
165.001617
171.044097
175.555816
174.427887
171.285797
168.868804
165.887847
167.015777
165.082183
165.485015
163.793121
163.793121
164.357086
164.034820
165.082183
164.759918
170.641265
170.963531
168.224273
166.774078
165.887847
165.323883
166.290679
164.598785
169.593902
172.010894
168.707672
167.499176
166.854644
165.968414
166.451812
164.115387
164.518219
172.172027
170.319000
168.546539
167.418609
165.726715
166.612945
164.195953
164.034820
164.195953
167.499176
165.726715
166.612945
164.034820
163.793121
163.712554
163.712554
165.404449
163.793121
163.712554
162.257324
162.982421
163.062988
165.565582
164.034820
167.579742
168.627105
166.854644
165.807281
165.807281
164.679351
165.485015
163.712554
163.470855
164.034820
163.954254
165.646148
163.631988
163.712554
163.551422
163.793121
165.404449
164.195953
164.679351
164.115387
164.276519
163.793121
164.921051
164.195953
165.001617
164.276519
164.518219
164.840484
164.357086
165.726715
164.840484
170.641265
170.721832
167.015777
165.646148
174.025054
170.963531
168.063140
166.290679
169.191070
166.693512
165.485015
163.143554
162.579589
162.821289
162.257324
163.793121
161.693359
161.854492
162.337890
162.499023
164.518219
162.821289
162.982421
162.257324
161.048828
160.807128
162.901855
161.209960
161.935058
161.612793
161.612793
162.257324
161.935058
160.404296
160.162597
161.451660
161.773925
164.276519
163.390289
161.612793
162.176757
162.418457
162.257324
164.518219
162.579589
162.740722
162.579589
162.901855
166.371246
171.366363
172.413726
169.432769
166.854644
165.001617
163.224121
163.390289
163.224121
163.873687
165.646148
162.982421
162.740722
162.096191
163.143554
165.807281
166.371246
165.001617
170.238433
169.352203
165.968414
164.437652
163.873687
163.470855
164.759918
162.579589
165.646148
165.485015
164.840484
169.835601
168.949371
167.660308
164.598785
163.062988
163.631988
165.726715
164.115387
163.143554
168.304840
166.774078
165.968414
163.712554
164.276519
161.532226
161.612793
161.209960
166.210113
164.115387
163.143554
161.451660
160.565429
160.807128
159.518066
159.920898
159.518066
159.920898
159.034668
160.807128
159.679199
161.129394
159.920898
160.001464
160.807128
160.887695
162.257324
161.048828
163.954254
164.357086
163.470855
161.854492
162.015625
160.645996
160.484863
160.404296
160.162597
161.935058
160.968261
159.276367
160.404296
161.451660
162.176757
164.115387
162.821289
163.873687
163.873687
163.470855
164.679351
163.062988
162.982421
162.740722
162.096191
164.034820
162.096191
162.257324
162.096191
162.418457
162.096191
163.470855
162.096191
162.499023
162.821289
162.499023
163.062988
162.821289
169.271637
169.432769
165.968414
164.357086
163.551422
162.499023
163.793121
162.176757
166.854644
171.527496
171.205230
167.660308
165.162750
162.579589
164.034820
162.176757
162.418457
161.451660
161.532226
162.337890
161.290527
162.579589
161.290527
164.437652
163.631988
163.551422
161.935058
159.920898
159.920898
161.854492
160.968261
161.532226
161.693359
161.935058
162.176757
161.773925
163.712554
161.532226
161.129394
161.773925
161.612793
162.821289
161.612793
161.854492
160.323730
160.887695
160.565429
162.740722
161.693359
161.532226
161.129394
161.209960
162.901855
161.693359
166.854644
171.285797
171.769195
167.579742
164.518219
162.096191
161.935058
162.499023
163.470855
162.176757
162.660156
163.143554
162.821289
164.759918
163.631988
166.612945
166.210113
165.565582
163.873687
164.921051
162.901855
162.740722
162.982421
162.015625
161.854492
161.209960
160.001464
161.048828
161.290527
161.290527
163.390289
162.015625
161.773925
161.451660
161.209960
162.821289
161.532226
162.337890
161.935058
161.773925
162.176757
161.612793
159.920898
160.484863
160.565429
161.532226
161.129394
161.129394
163.143554
161.451660
161.290527
160.726562
164.195953
163.873687
164.034820
161.935058
161.935058
161.773925
161.048828
162.418457
160.887695
161.048828
159.679199
159.276367
160.404296
161.451660
160.645996
162.176757
160.565429
161.129394
161.532226
161.290527
163.143554
161.935058
162.982421
163.390289
163.793121
166.210113
164.679351
164.357086
163.631988
163.793121
164.115387
166.371246
165.082183
165.646148
165.082183
164.759918
165.082183
165.162750
172.494293
174.347320
173.058258
168.063140
164.759918
163.551422
163.873687
163.551422
164.840484
163.143554
163.793121
163.390289
163.551422
164.034820
162.982421
164.921051
162.579589
161.935058
161.693359
161.693359
163.551422
163.712554
162.660156
163.873687
163.390289
163.470855
162.740722
162.901855
164.840484
162.901855
162.821289
163.390289
166.935211
164.437652
164.034820
161.854492
161.209960
160.887695
160.645996
162.499023
160.645996
160.565429
159.840332
160.807128
161.532226
163.873687
162.176757
164.115387
162.901855
162.499023
163.390289
162.257324
163.143554
161.451660
161.612793
162.096191
162.579589
164.921051
162.982421
162.257324
162.015625
163.631988
161.854492
163.062988
161.693359
162.176757
162.418457
161.773925
163.873687
161.854492
161.129394
160.484863
159.679199
160.887695
163.062988
162.096191
162.499023
163.062988
162.982421
164.759918
163.873687
169.835601
169.593902
165.968414
164.276519
163.551422
162.418457
163.793121
161.209960
160.807128
160.484863
160.243164
160.726562
160.001464
160.645996
160.404296
160.323730
159.356933
162.096191
161.129394
162.499023
161.129394
162.096191
162.740722
162.499023
163.631988
163.062988
164.759918
165.323883
162.740722
163.143554
162.418457
162.418457
163.062988
162.096191
161.129394
162.499023
161.371093
161.935058
162.096191
161.773925
163.143554
161.693359
162.257324
162.257324
162.176757
163.712554
162.015625
162.176757
161.773925
161.612793
160.162597
161.290527
160.565429
162.176757
161.209960
161.532226
163.712554
162.176757
162.337890
161.935058
165.565582
165.082183
164.518219
162.337890
161.451660
161.693359
160.968261
161.451660
160.565429
160.968261
159.518066
160.404296
160.807128
162.901855
161.935058
162.740722
163.062988
162.821289
164.115387
161.854492
162.176757
161.532226
161.048828
160.968261
160.565429
161.451660
160.243164
160.807128
160.162597
160.968261
160.968261
162.499023
161.451660
161.773925
161.451660
161.209960
162.096191
161.693359
167.902008
168.707672
165.162750
163.470855
162.418457
162.176757
163.712554
161.693359
166.290679
169.835601
166.290679
164.679351
163.873687
162.418457
163.793121
161.371093
161.532226
165.323883
169.029937
166.935211
164.921051
164.921051
162.096191
161.532226
160.565429
161.371093
163.470855
161.451660
166.210113
168.465972
165.968414
164.195953
163.062988
161.935058
163.224121
161.129394
161.693359
160.404296
161.129394
161.693359
161.451660
162.982421
162.015625
162.176757
160.484863
161.209960
160.404296
162.176757
160.807128
161.451660
162.257324
161.290527
162.579589
161.612793
165.646148
165.162750
166.612945
163.551422
162.901855
161.773925
161.612793
161.854492
161.854492
162.579589
161.209960
160.645996
161.129394
162.418457
162.499023
164.115387
161.935058
162.337890
161.773925
161.532226
164.195953
165.887847
164.276519
166.774078
165.323883
164.518219
162.499023
162.418457
161.854492
161.209960
163.470855
161.693359
161.532226
160.404296
160.645996
161.612793
163.873687
162.499023
163.062988
162.579589
162.821289
162.982421
162.176757
163.551422
162.015625
162.499023
162.740722
162.579589
164.357086
162.740722
163.062988
161.773925
162.740722
163.390289
165.001617
163.470855
163.954254
163.793121
163.873687
165.404449
164.276519
170.238433
169.996734
166.935211
165.807281
164.921051
164.034820
165.807281
164.518219
164.598785
164.518219
164.357086
164.759918
164.357086
165.807281
164.034820
164.679351
163.712554
164.357086
164.195953
165.162750
163.062988
163.470855
163.062988
162.418457
164.034820
162.176757
163.390289
161.935058
161.532226
161.773925
161.854492
163.712554
162.176757
161.129394
160.887695
161.129394
161.290527
162.821289
161.612793
162.176757
161.935058
161.693359
163.793121
161.854492
161.773925
162.096191
162.015625
163.062988
162.418457
163.631988
161.532226
161.129394
162.096191
162.740722
162.982421
164.357086
163.062988
163.470855
163.390289
162.901855
165.323883
165.001617
164.357086
164.034820
163.551422
165.404449
163.062988
162.579589
162.176757
162.740722
162.418457
164.437652
162.499023
162.257324
162.982421
162.418457
163.712554
162.982421
169.029937
168.627105
165.485015
164.357086
163.793121
162.499023
163.390289
161.612793
161.129394
160.968261
160.887695
162.821289
161.612793
162.660156
161.854492
161.290527
160.484863
160.645996
161.048828
162.257324
160.968261
